Start [run_ocr]
Finish [ocr: 5]
Finish [ocr: 7]
Finish [ocr: 10]
Finish [ocr: 8]
Finish [ocr: 17]
Finish [ocr: 2]
Finish [ocr: 18]
Finish [ocr: 0]
Finish [run_ocr]
{0: [[[[[45.0, 91.0], [71.0, 91.0], [71.0, 281.0], [45.0, 281.0]],
       ('信号与系统', 0.9898287653923035)]]],
 2: [[[[[31.0, 94.0], [62.0, 94.0], [62.0, 197.0], [31.0, 197.0]],
       ('数字设计', 0.9208900928497314)]]],
 5: [[[[[5.0, 25.0], [26.0, 25.0], [26.0, 79.0], [5.0, 79.0]],
       ('翻外电子', 0.5195353031158447)],
      [[[10.0, 102.0], [30.0, 102.0], [30.0, 221.0], [10.0, 221.0]],
       ('数字图像处理', 0.8963276743888855)]]],
 7: [[[[[4.0, 107.0], [25.0, 107.0], [25.0, 136.0], [4.0, 136.0]],
       ('机', 0.998397171497345)],
      [[[2.0, 128.0], [27.0, 128.0], [27.0, 191.0], [2.0, 191.0]],
       ('器学厂', 0.77784663438797)],
      [[[5.0, 181.0], [25.0, 181.0], [25.0, 209.0], [5.0, 209.0]],
       ('习', 0.9979937076568604)]]],
 8: [[[[[7.0, 52.0], [25.0, 52.0], [25.0, 211.0], [7.0, 211.0]],
       ('大学物理学（上册', 0.7988458871841431)],
      [[[12.0, 229.0], [24.0, 229.0], [24.0, 273.0], [12.0, 273.0]],
       ('第二版', 0.8844346404075623)]]],
 10: [[[[[15.0, 95.0], [38.0, 95.0], [38.0, 189.0], [15.0, 189.0]],
        ('材料力学', 0.9378572702407837)]]],
 17: [[[[[3.0, 92.0], [24.0, 93.0], [21.0, 183.0], [0.0, 183.0]],
        ('大学物理学', 0.9068436622619629)]]],
 18: [[[[[13.0, 116.0], [27.0, 116.0], [27.0, 133.0], [13.0, 133.0]],
        ('通', 0.9992296695709229)],
       [[[12.0, 130.0], [29.0, 130.0], [29.0, 170.0], [12.0, 170.0]],
        ('信原', 0.8415778875350952)],
       [[[13.0, 167.0], [28.0, 167.0], [28.0, 182.0], [13.0, 182.0]],
        ('理', 0.8873129487037659)]]]}
